   4.0129047e-03   6.4653525e-02
   6.0405264e-03   7.7022257e-02
   8.8223676e-03   9.7224815e-02
   1.0213302e-02   1.1616471e-01
   1.1625785e-02   1.3495345e-01
   1.3988399e-02   1.5997546e-01
   1.6351014e-02   1.8499747e-01
   1.9501144e-02   2.1895591e-01
   2.1863758e-02   2.4457367e-01
   2.5013888e-02   2.7793635e-01
   2.6982739e-02   2.9849014e-01
   2.8951590e-02   3.2083122e-01
   3.1314204e-02   3.4227866e-01
   3.3676819e-02   3.6670490e-01
   3.6039433e-02   3.9172691e-01
   3.8402047e-02   4.1615316e-01
   4.0764662e-02   4.3998364e-01
   4.3127276e-02   4.6381412e-01
   4.5489890e-02   4.8764461e-01
   4.7852505e-02   5.1266661e-01
   5.0215119e-02   5.3530557e-01
   5.2971494e-02   5.5854029e-01
   5.5727868e-02   5.8356230e-01
   5.8484242e-02   6.0769067e-01
   6.1240616e-02   6.3301055e-01
   6.3603231e-02   6.5564951e-01
   6.6359605e-02   6.7739483e-01
   6.9509735e-02   7.0509777e-01
   7.2659865e-02   7.2877931e-01
   7.5809995e-02   7.5335450e-01
   7.9353876e-02   7.7873396e-01
   8.3816487e-02   8.1233494e-01
   8.6441608e-02   8.2961204e-01
   9.0379235e-02   8.5344253e-01
   9.4710600e-02   8.7891136e-01
   9.9041966e-02   9.0050773e-01
   1.0284834e-01   9.2047910e-01
   1.0618654e-01   9.3815634e-01
   1.1216722e-01   9.5829665e-01
   1.1767976e-01   9.7557375e-01
   1.2109239e-01   9.8212714e-01
   1.2791726e-01   9.9523390e-01
   1.3132989e-01   1.0000000e+00
   1.4439947e-01   9.9213594e-01
   1.4884896e-01   9.8391442e-01
   1.5534576e-01   9.6157335e-01
   1.5849589e-01   9.5174327e-01
   1.6322098e-01   9.2404033e-01
   1.6807733e-01   8.9335859e-01
   1.7109620e-01   8.7176221e-01
   1.7385258e-01   8.4986795e-01
   1.7621519e-01   8.2842052e-01
   1.7779028e-01   8.1054766e-01
   1.8054665e-01   7.8284472e-01
   1.8251550e-01   7.5812059e-01
   1.8448435e-01   7.3369435e-01
   1.8605944e-01   7.1224691e-01
   1.8763452e-01   6.9258676e-01
   1.8920961e-01   6.6816052e-01
   1.9078469e-01   6.4433003e-01
   1.9235977e-01   6.2020167e-01
   1.9354109e-01   6.0679702e-01
   1.9511617e-01   5.7462587e-01
   1.9708502e-01   5.4096531e-01
   1.9866011e-01   5.1266661e-01
   2.0023519e-01   4.8049546e-01
   2.0181028e-01   4.5070736e-01
   2.0299159e-01   4.2925992e-01
   2.0417291e-01   4.0304639e-01
   2.0574799e-01   3.7787544e-01
   2.0732308e-01   3.4704475e-01
   2.0889816e-01   3.2083122e-01
   2.1047325e-01   2.8985159e-01
   2.1204833e-01   2.6453170e-01
   2.1362341e-01   2.4129698e-01
   2.1519850e-01   2.1746650e-01
   2.1795487e-01   1.8023137e-01
   2.2031749e-01   1.5640089e-01
   2.2307386e-01   1.3405981e-01
   2.2779896e-01   1.0591005e-01
   2.3409891e-01   8.6696722e-02
   2.4026567e-01   8.2072896e-02
   2.4582914e-01   8.2072896e-02
   2.5333951e-01   8.2072896e-02
   2.5969235e-01   8.1334863e-02
   2.6796064e-01   7.7760290e-02
   2.7189827e-01   7.7760290e-02
   2.7977292e-01   7.7760290e-02
   2.8449802e-01   7.7760290e-02
   2.8922312e-01   7.7760290e-02
   2.9276700e-01   7.7760290e-02
   3.0158638e-01   7.8475205e-02
   3.0694143e-01   8.1334863e-02
   3.1127280e-01   8.5356257e-02
   3.1580103e-01   8.9377651e-02
   3.2064425e-01   9.3845866e-02
   3.2544809e-01   9.9803487e-02
   3.3017319e-01   1.0486747e-01
   3.3450456e-01   1.1037826e-01
   3.4048955e-01   1.1779550e-01
   3.4552963e-01   1.2244245e-01
   3.5104217e-01   1.2869795e-01
   3.5616100e-01   1.3316616e-01
   3.6088610e-01   1.3763438e-01
   3.6561119e-01   1.4299624e-01
   3.7013943e-01   1.4701763e-01
   3.7506139e-01   1.5103903e-01
   3.7978649e-01   1.5461360e-01
   3.8543027e-01   1.5878393e-01
   3.9002412e-01   1.6176274e-01
   3.9514295e-01   1.6533732e-01
   4.0018303e-01   1.6926935e-01
   4.0498687e-01   1.7338011e-01
   4.0971197e-01   1.7665680e-01
   4.1443707e-01   1.8052925e-01
   4.1924091e-01   1.8606984e-01
   4.2506842e-01   1.9304025e-01
   4.2979352e-01   1.9929576e-01
   4.3471548e-01   2.0689172e-01
   4.3963745e-01   2.1597709e-01
   4.4475627e-01   2.2670081e-01
   4.4948137e-01   2.3623301e-01
   4.5479705e-01   2.4755248e-01
   4.5932529e-01   2.5827620e-01
   4.6464097e-01   2.6989356e-01
   4.6995665e-01   2.8151092e-01
   4.7483924e-01   2.9366447e-01
   4.8058801e-01   3.0519247e-01
   4.8570684e-01   3.1368208e-01
   4.9090440e-01   3.2047376e-01
   4.9535389e-01   3.2440579e-01
   5.0464611e-01   3.2440579e-01
   5.0909560e-01   3.2047376e-01
   5.1429316e-01   3.1368208e-01
   5.1941199e-01   3.0519247e-01
   5.2516076e-01   2.9366447e-01
   5.3004335e-01   2.8151092e-01
   5.3535903e-01   2.6989356e-01
   5.4067471e-01   2.5827620e-01
   5.4520295e-01   2.4755248e-01
   5.5051863e-01   2.3623301e-01
   5.5524373e-01   2.2670081e-01
   5.6036255e-01   2.1597709e-01
   5.6528452e-01   2.0689172e-01
   5.7020648e-01   1.9929576e-01
   5.7493158e-01   1.9304025e-01
   5.8075909e-01   1.8606984e-01
   5.8556293e-01   1.8052925e-01
   5.9028803e-01   1.7665680e-01
   5.9501313e-01   1.7338011e-01
   5.9981697e-01   1.6926935e-01
   6.0485705e-01   1.6533732e-01
   6.0997588e-01   1.6176274e-01
   6.1456973e-01   1.5878393e-01
   6.2021351e-01   1.5461360e-01
   6.2493861e-01   1.5103903e-01
   6.2986057e-01   1.4701763e-01
   6.3438881e-01   1.4299624e-01
   6.3911390e-01   1.3763438e-01
   6.4383900e-01   1.3316616e-01
   6.4895783e-01   1.2869795e-01
   6.5447037e-01   1.2244245e-01
   6.5951045e-01   1.1779550e-01
   6.6549544e-01   1.1037826e-01
   6.6982681e-01   1.0486747e-01
   6.7455191e-01   9.9803487e-02
   6.7935575e-01   9.3845866e-02
   6.8419897e-01   8.9377651e-02
   6.8872720e-01   8.5356257e-02
   6.9305857e-01   8.1334863e-02
   6.9841362e-01   7.8475205e-02
   7.0723300e-01   7.7760290e-02
   7.1077688e-01   7.7760290e-02
   7.1550198e-01   7.7760290e-02
   7.2022708e-01   7.7760290e-02
   7.2810173e-01   7.7760290e-02
   7.3203936e-01   7.7760290e-02
   7.4030765e-01   8.1334863e-02
   7.4666049e-01   8.2072896e-02
   7.5417086e-01   8.2072896e-02
   7.5973433e-01   8.2072896e-02
   7.6590109e-01   8.6696722e-02
   7.7220104e-01   1.0591005e-01
   7.7692614e-01   1.3405981e-01
   7.7968251e-01   1.5640089e-01
   7.8204513e-01   1.8023137e-01
   7.8480150e-01   2.1746650e-01
   7.8637659e-01   2.4129698e-01
   7.8795167e-01   2.6453170e-01
   7.8952675e-01   2.8985159e-01
   7.9110184e-01   3.2083122e-01
   7.9267692e-01   3.4704475e-01
   7.9425201e-01   3.7787544e-01
   7.9582709e-01   4.0304639e-01
   7.9700841e-01   4.2925992e-01
   7.9818972e-01   4.5070736e-01
   7.9976481e-01   4.8049546e-01
   8.0133989e-01   5.1266661e-01
   8.0291498e-01   5.4096531e-01
   8.0488383e-01   5.7462587e-01
   8.0645891e-01   6.0679702e-01
   8.0764023e-01   6.2020167e-01
   8.0921531e-01   6.4433003e-01
   8.1079039e-01   6.6816052e-01
   8.1236548e-01   6.9258676e-01
   8.1394056e-01   7.1224691e-01
   8.1551565e-01   7.3369435e-01
   8.1748450e-01   7.5812059e-01
   8.1945335e-01   7.8284472e-01
   8.2220972e-01   8.1054766e-01
   8.2378481e-01   8.2842052e-01
   8.2614742e-01   8.4986795e-01
   8.2890380e-01   8.7176221e-01
   8.3192267e-01   8.9335859e-01
   8.3677902e-01   9.2404033e-01
   8.4150411e-01   9.5174327e-01
   8.4465424e-01   9.6157335e-01
   8.5115104e-01   9.8391442e-01
   8.5560053e-01   9.9213594e-01
   8.6867011e-01   1.0000000e+00
   8.7208274e-01   9.9523390e-01
   8.7890761e-01   9.8212714e-01
   8.8232024e-01   9.7557375e-01
   8.8783278e-01   9.5829665e-01
   8.9381346e-01   9.3815634e-01
   8.9715166e-01   9.2047910e-01
   9.0095803e-01   9.0050773e-01
   9.0528940e-01   8.7891136e-01
   9.0962077e-01   8.5344253e-01
   9.1355839e-01   8.2961204e-01
   9.1618351e-01   8.1233494e-01
   9.2064612e-01   7.7873396e-01
   9.2419000e-01   7.5335450e-01
   9.2734013e-01   7.2877931e-01
   9.3049026e-01   7.0509777e-01
   9.3364039e-01   6.7739483e-01
   9.3639677e-01   6.5564951e-01
   9.3875938e-01   6.3301055e-01
   9.4151576e-01   6.0769067e-01
   9.4427213e-01   5.8356230e-01
   9.4702851e-01   5.5854029e-01
   9.4978488e-01   5.3530557e-01
   9.5214750e-01   5.1266661e-01
   9.5451011e-01   4.8764461e-01
   9.5687272e-01   4.6381412e-01
   9.5923534e-01   4.3998364e-01
   9.6159795e-01   4.1615316e-01
   9.6396057e-01   3.9172691e-01
   9.6632318e-01   3.6670490e-01
   9.6868580e-01   3.4227866e-01
   9.7104841e-01   3.2083122e-01
   9.7301726e-01   2.9849014e-01
   9.7498611e-01   2.7793635e-01
   9.7813624e-01   2.4457367e-01
   9.8049886e-01   2.1895591e-01
   9.8364899e-01   1.8499747e-01
   9.8601160e-01   1.5997546e-01
   9.8837422e-01   1.3495345e-01
   9.8978670e-01   1.1616471e-01
   9.9117763e-01   9.7224815e-02
   9.9395947e-01   7.7022257e-02
   9.9598710e-01   6.4653525e-02
   1.000000	   6.45e-2